800.70	1	0.0
747.82	1	0.0
305.30	1	0.0
070.33	1	0.0
730.23	1	0.0
821.22	1	0.0
669.11	1	0.0
800.75	1	0.0
646.21	1	0.0
814.02	1	0.0
656.41	1	0.0
151.1	1	0.0
821.32	1	0.0
32.	1	0.0
748.2	1	0.0
737.32	1	0.0
E968.7	1	0.0
344.02	1	0.0
375.56	1	0.0
005.81	1	0.0
078.89	1	0.0
282.7	1	0.0
897.0	1	0.0
96.53	1	0.0
801.60	1	0.0
861.03	1	0.0
201.92	1	0.0
98.21	1	0.0
811.10	1	0.0
596.55	1	0.0
350.9	1	0.0
806.8	1	0.0
33.9	1	0.0
013.25	1	0.0
66.69	1	0.0
900.02	1	0.0
534.41	1	0.0
38.57	1	0.0
719.13	1	0.0
730.13	1	0.0
892.2	1	0.0
352.2	1	0.0
305.71	1	0.0
928.00	1	0.0
79.38	1	0.0
52.92	1	0.0
801.41	1	0.0
V53.99	1	0.0
960.5	1	0.0
806.02	1	0.0
84.19	1	0.0
E858.5	1	0.0
097.9	1	0.0
991.2	1	0.0
E811.0	1	0.0
15.7	1	0.0
20.7	1	0.0
343.1	1	0.0
600.11	1	0.0
953.0	1	0.0
904.42	1	0.0
397.1	1	0.0
988.1	1	0.0
E865.5	1	0.0
590.11	1	0.0
008.62	1	0.0
866.13	1	0.0
924.3	1	0.0
E943.3	1	0.0
250.23	1	0.0
V10.59	1	0.0
525.11	1	0.0
851.35	1	0.0
944.23	1	0.0
76.11	1	0.0
621.30	1	0.0
44.91	1	0.0
784.61	1	0.0
365.89	1	0.0
E831.1	1	0.0
523.30	1	0.0
163.0	1	0.0
995.89	1	0.0
813.13	1	0.0
368.47	1	0.0
649.14	1	0.0
E000.0	1	0.0
863.84	1	0.0
846.1	1	0.0
333.81	1	0.0
275.02	1	0.0
801.50	1	0.0
249.80	1	0.0
E938.6	1	0.0
812.54	1	0.0
21.4	1	0.0
17.56	1	0.0
032.9	1	0.0
054.13	1	0.0
695.14	1	0.0
602.1	1	0.0
714.2	1	0.0
64.98	1	0.0
677	1	0.0
79.84	1	0.0
648.11	1	0.0
41.99	1	0.0
715.93	1	0.0
719.58	1	0.0
536.9	1	0.0
593.73	1	0.0
43.82	1	0.0
784.43	1	0.0
953.1	1	0.0
86.96	1	0.0
377.51	1	0.0
E933.4	1	0.0
784.91	1	0.0
60.95	1	0.0
339.20	1	0.0
527.8	1	0.0
814.11	1	0.0
304.43	1	0.0
342.12	1	0.0
136.1	1	0.0
79.46	1	0.0
787.04	1	0.0
805.5	1	0.0
729.90	1	0.0
43.6	1	0.0
529.6	1	0.0
344.41	1	0.0
202.03	1	0.0
295.64	1	0.0
203.12	1	0.0
753.14	1	0.0
620.9	1	0.0
909.5	1	0.0
173.8	1	0.0
649.31	1	0.0
V27.1	1	0.0
78.62	1	0.0
954.0	1	0.0
E934.0	1	0.0
46.4	1	0.0
756.16	1	0.0
670.12	1	0.0
157.3	2	0.0
999.1	2	0.0
E931.8	2	0.0
293.83	2	0.0
719.05	2	0.0
60.94	2	0.0
035	2	0.0
27.24	2	0.0
445.81	2	0.0
89.22	2	0.0
989.4	2	0.0
E950.6	2	0.0
996.93	2	0.0
810.10	2	0.0
564.01	2	0.0
245.9	2	0.0
996.45	2	0.0
82.41	2	0.0
40.9	2	0.0
652.61	2	0.0
656.51	2	0.0
873.53	2	0.0
477.0	2	0.0
642.24	2	0.0
E932.8	2	0.0
840.9	2	0.0
249.11	2	0.0
42.11	2	0.0
851.89	2	0.0
756.89	2	0.0
E884.5	2	0.0
V10.29	2	0.0
702.8	2	0.0
815.10	2	0.0
39.93	2	0.0
378.00	2	0.0
48.79	2	0.0
952.14	2	0.0
228.1	2	0.0
983.9	2	0.0
727.04	2	0.0
537.81	2	0.0
454.1	2	0.0
365.65	2	0.0
495.8	2	0.0
57.93	2	0.0
878.0	2	0.0
533.00	2	0.0
664.01	2	0.0
389.12	2	0.0
900.01	2	0.0
58.0	2	0.0
814.03	2	0.0
576.9	2	0.0
813.08	2	0.0
512.84	2	0.0
883.1	2	0.0
82.46	2	0.0
176.9	2	0.0
727.43	2	0.0
908.0	2	0.0
82.0	2	0.0
79.27	2	0.0
874.12	2	0.0
22.6	2	0.0
13.41	2	0.0
13.71	2	0.0
404.90	2	0.0
79.88	2	0.0
536.1	2	0.0
23.01	2	0.0
45.01	2	0.0
V60.4	2	0.0
58.31	2	0.0
951.3	2	0.0
634.11	2	0.0
870.1	2	0.0
814.09	2	0.0
680.6	2	0.0
304.81	2	0.0
78.52	2	0.0
44.2	2	0.0
865.12	2	0.0
70.72	2	0.0
719.40	2	0.0
12.92	2	0.0
852.24	2	0.0
80.73	2	0.0
852.03	2	0.0
712.26	2	0.0
E932.2	2	0.0
422.0	2	0.0
376.89	2	0.0
751.60	2	0.0
79.73	2	0.0
402.00	2	0.0
728.3	2	0.0
802.35	2	0.0
22.9	2	0.0
49.2	2	0.0
42.1	2	0.0
236.7	2	0.0
651.01	2	0.0
669.34	2	0.0
E957.0	2	0.0
300.15	2	0.0
958.99	2	0.0
783.6	2	0.0
176.4	2	0.0
288.02	2	0.0
202.70	2	0.0
83.77	2	0.0
249.60	2	0.0
795.39	2	0.0
85.11	2	0.0
355.0	2	0.0
378.53	2	0.0
78.14	2	0.0
362.52	2	0.0
53.84	2	0.0
865.10	2	0.0
348.81	2	0.0
V90.81	2	0.0
274.02	2	0.0
974.7	2	0.0
204.02	2	0.0
24.32	2	0.0
17.35	2	0.0
E927.0	2	0.0
E000.8	2	0.0
780.72	2	0.0
312.30	2	0.0
81.93	2	0.0
176.0	2	0.0
902.42	2	0.0
378.55	2	0.0
V54.82	2	0.0
206.00	2	0.0
904.51	2	0.0
76.1	2	0.0
339.3	2	0.0
611.79	2	0.0
642.33	2	0.0
V15.42	2	0.0
E946.0	2	0.0
239.89	2	0.0
732.4	2	0.0
404.92	3	0.0
394.9	3	0.0
750.9	3	0.0
852.46	3	0.0
904.1	3	0.0
89.63	3	0.0
868.19	3	0.0
273.0	3	0.0
595.89	3	0.0
786.02	3	0.0
V01.7	3	0.0
599.1	3	0.0
58.22	3	0.0
802.27	3	0.0
887.2	3	0.0
730.04	3	0.0
784.1	3	0.0
726.2	3	0.0
715.94	3	0.0
82.09	3	0.0
E958.5	3	0.0
65.63	3	0.0
53.05	3	0.0
77.41	3	0.0
20.49	3	0.0
663.31	3	0.0
659.51	3	0.0
22.41	3	0.0
879.7	3	0.0
850.0	3	0.0
259.9	3	0.0
018.94	3	0.0
872.02	3	0.0
85.94	3	0.0
395.1	3	0.0
31.73	3	0.0
31.98	3	0.0
595.2	3	0.0
694.8	3	0.0
602.3	3	0.0
E917.8	3	0.0
337.29	3	0.0
756.17	3	0.0
701.2	3	0.0
812.41	3	0.0
59.93	3	0.0
669.32	3	0.0
53.04	3	0.0
880.13	3	0.0
296.99	3	0.0
274.11	3	0.0
901.1	3	0.0
V54.9	3	0.0
719.01	3	0.0
E814.1	3	0.0
71.09	3	0.0
914.0	3	0.0
E824.1	3	0.0
332.1	3	0.0
215.5	3	0.0
92.3	3	0.0
92.39	3	0.0
746.81	3	0.0
718.87	3	0.0
939.0	3	0.0
692.6	3	0.0
824.3	3	0.0
995.83	3	0.0
79.08	3	0.0
367.1	3	0.0
289.50	3	0.0
308.0	3	0.0
648.64	3	0.0
471.8	3	0.0
379.24	3	0.0
813.03	3	0.0
53.29	3	0.0
246.2	3	0.0
79.85	3	0.0
880.01	3	0.0
703.0	3	0.0
995.81	3	0.0
88.96	3	0.0
357.3	3	0.0
642.54	3	0.0
996.88	3	0.0
881.21	3	0.0
265.2	3	0.0
V15.59	3	0.0
714.89	3	0.0
730.12	3	0.0
V72.81	3	0.0
80.17	3	0.0
844.8	3	0.0
V42.89	3	0.0
21.0	3	0.0
31.3	3	0.0
718.88	3	0.0
681.11	3	0.0
E858.2	3	0.0
E938.7	3	0.0
E818.2	3	0.0
V86.0	3	0.0
038.41	3	0.0
E825.2	3	0.0
258.01	3	0.0
692.3	3	0.0
686.1	3	0.0
111.0	3	0.0
952.8	3	0.0
V13.65	3	0.0
249.81	3	0.0
V61.42	3	0.0
918.0	3	0.0
787.24	3	0.0
E906.0	3	0.0
362.06	3	0.0
339.00	3	0.0
998.33	3	0.0
202.78	3	0.0
E967.0	3	0.0
334.2	3	0.0
626.0	3	0.0
V85.21	3	0.0
E960.1	3	0.0
259.2	3	0.0
736.81	3	0.0
714.81	3	0.0
715.80	3	0.0
37.73	3	0.0
539.89	3	0.0
721.41	4	0.0
E854.1	4	0.0
970.1	4	0.0
405.01	4	0.0
152.2	4	0.0
304.41	4	0.0
009.2	4	0.0
607.82	4	0.0
237.3	4	0.0
52.9	4	0.0
625.9	4	0.0
873.52	4	0.0
22.79	4	0.0
53.02	4	0.0
728.84	4	0.0
804.21	4	0.0
310.1	4	0.0
162.0	4	0.0
V27.2	4	0.0
80.39	4	0.0
780.94	4	0.0
362.11	4	0.0
715.09	4	0.0
148.1	4	0.0
525.50	4	0.0
277.9	4	0.0
863.45	4	0.0
995.3	4	0.0
815.09	4	0.0
904.2	4	0.0
550.11	4	0.0
87.69	4	0.0
741.93	4	0.0
34.71	4	0.0
692.4	4	0.0
E858.1	4	0.0
82.12	4	0.0
61.41	4	0.0
E817.1	4	0.0
294.21	4	0.0
44.49	4	0.0
342.10	4	0.0
170.7	4	0.0
60.11	4	0.0
42.7	4	0.0
E938.2	4	0.0
288.61	4	0.0
442.82	4	0.0
722.51	4	0.0
048	4	0.0
45.31	4	0.0
275.1	4	0.0
77.87	4	0.0
512.2	4	0.0
715.97	4	0.0
49.39	4	0.0
65.29	4	0.0
794.02	4	0.0
38.47	4	0.0
627.3	4	0.0
851.05	4	0.0
603.8	4	0.0
53.81	4	0.0
84.07	4	0.0
36.2	4	0.0
785.9	4	0.0
57.87	4	0.0
359.71	4	0.0
801.76	4	0.0
801.65	4	0.0
78.03	4	0.0
57.33	4	0.0
270.6	4	0.0
991.1	4	0.0
839.06	4	0.0
955.1	4	0.0
622.10	4	0.0
921.9	4	0.0
758.5	4	0.0
842.00	4	0.0
22.52	4	0.0
813.32	4	0.0
806.03	4	0.0
759.3	4	0.0
49.42	4	0.0
171.0	4	0.0
753.17	4	0.0
288.62	4	0.0
789.02	4	0.0
41.06	4	0.0
304.93	4	0.0
203.02	4	0.0
716.97	4	0.0
334.3	4	0.0
147.9	4	0.0
530.87	4	0.0
17.36	4	0.0
518.53	4	0.0
35.99	4	0.0
998.00	4	0.0
E906.4	4	0.0
998.02	4	0.0
453.50	4	0.0
596.89	4	0.0
453.71	4	0.0
246.8	4	0.0
790.21	4	0.0
82.29	5	0.0
358.1	5	0.0
990	5	0.0
117.7	5	0.0
874.02	5	0.0
753.22	5	0.0
719.02	5	0.0
235.5	5	0.0
38.65	5	0.0
905.1	5	0.0
192.1	5	0.0
921.1	5	0.0
321.0	5	0.0
29.5	5	0.0
58.39	5	0.0
34.72	5	0.0
453.72	5	0.0
789.05	5	0.0
386.12	5	0.0
63.9	5	0.0
83.49	5	0.0
318.2	5	0.0
834.02	5	0.0
825.1	5	0.0
642.44	5	0.0
32.0	5	0.0
625.3	5	0.0
E906.8	5	0.0
867.2	5	0.0
E855.6	5	0.0
473.1	5	0.0
079.51	5	0.0
50.51	5	0.0
236.91	5	0.0
648.61	5	0.0
647.81	5	0.0
V45.09	5	0.0
305.52	5	0.0
127.2	5	0.0
161.1	5	0.0
51.59	5	0.0
E910.8	5	0.0
813.82	5	0.0
719.49	5	0.0
996.43	5	0.0
747.69	5	0.0
959.7	5	0.0
79.16	5	0.0
295.20	5	0.0
451.0	5	0.0
287.1	5	0.0
751.4	5	0.0
V10.84	5	0.0
28.2	5	0.0
296.32	5	0.0
955.3	5	0.0
372.03	5	0.0
204.01	5	0.0
695.2	5	0.0
239.1	5	0.0
714.9	5	0.0
259.4	5	0.0
727.05	5	0.0
735.4	5	0.0
218.0	5	0.0
46.82	5	0.0
E930.6	5	0.0
E950.7	5	0.0
E919.2	5	0.0
V54.81	5	0.0
620.5	5	0.0
560.32	5	0.0
E938.5	5	0.0
078.11	5	0.0
904.53	5	0.0
955.7	5	0.0
825.22	5	0.0
363.20	5	0.0
728.9	5	0.0
737.12	5	0.0
V69.4	5	0.0
747.40	5	0.0
802.25	5	0.0
816.02	5	0.0
45.51	5	0.0
620.1	5	0.0
378.87	5	0.0
052.9	5	0.0
802.39	5	0.0
333.90	5	0.0
916.2	5	0.0
852.42	5	0.0
453.76	5	0.0
674.84	5	0.0
V10.61	5	0.0
173.5	5	0.0
30.09	5	0.0
482.81	5	0.0
17.33	5	0.0
163.9	5	0.0
76.73	5	0.0
502	5	0.0
24.5	5	0.0
008.63	5	0.0
88.97	5	0.0
425.18	5	0.0
371.40	5	0.0
790.8	5	0.0
532.30	5	0.0
574.80	5	0.0
378.9	5	0.0
701.0	5	0.0
12.7	5	0.0
378.10	5	0.0
377.01	5	0.0
820.02	5	0.0
722.2	5	0.0
980.2	5	0.0
338.28	5	0.0
V60.2	5	0.0
521.81	5	0.0
355.1	5	0.0
48.52	5	0.0
415.13	5	0.0
573.5	5	0.0
69.0	5	0.0
282.46	5	0.0
861.13	6	0.0
204.11	6	0.0
38.68	6	0.0
844.9	6	0.0
344.30	6	0.0
710.8	6	0.0
141.8	6	0.0
727.61	6	0.0
343.2	6	0.0
75.69	6	0.0
V18.3	6	0.0
336.0	6	0.0
528.2	6	0.0
780.50	6	0.0
202.82	6	0.0
958.91	6	0.0
999.82	6	0.0
62.3	7	0.0
378.52	7	0.0
252.02	7	0.0
281.2	7	0.0
552.00	7	0.0
473.2	7	0.0
84.0	8	0.0
781.6	8	0.0
